4294967279,248
4294967278,249
4294967279,246
13,5
13,4
4294967279,239
4294967278,238
4294967279,236
4294967279,231
4294967278,228
4294967279,227
10,2
4294967279,219
4294967278,212
4294967278,208
10,6
10,5
4294967278,206
10,4
7,5
7,6
7,4
4294967278,204
4294967278,203
4,5
4,6
4294967278,200
5,4
11,4
4,4
3,4
3,5
0,5
4294967294,7
4294967294,6
4294967294,36
4294967294,5
4294967294,22
4294967294,17
4294967294,39
4294967294,42
4294967294,76
4294967294,41
4294967294,424
4294967294,469
4294967294,201
4294967294,67
4294967293,131
4294967293,130
4294967293,129
4294967293,128
4294967293,127
4294967293,126
4294967293,125
4294967293,124
4294967293,123
4294967293,122
4294967293,121
4294967293,120
4294967293,119
4294967293,118
4294967293,117
4294967293,116
4294967293,115
4294967293,114
4294967293,113
4294967293,112
4294967293,111
4294967293,110
4294967293,109
4294967293,108
4294967293,107
4294967293,106
4294967293,105
4294967293,104
4294967293,103
4294967293,102
4294967293,101
4294967293,100
4294967293,99
4294967293,98
4294967293,97
4294967293,96
4294967293,95
4294967293,94
4294967293,93
4294967293,92
4294967293,91
4294967293,90
4294967293,89
4294967293,87
4294967293,86
4294967293,85
4294967293,84
4294967293,83
4294967293,82
4294967293,81
4294967293,80
4294967293,79
4294967293,78
4294967293,77
4294967293,76
4294967293,75
4294967293,74
4294967293,73
4294967293,72
4294967293,71
4294967293,70
4294967293,69
4294967293,68
4294967293,67
4294967293,66
4294967293,65
4294967293,64
4294967293,63
4294967293,62
4294967293,61
4294967293,60
4294967293,59
4294967293,58
4294967293,57
4294967293,56
4294967293,55
4294967293,54
4294967293,53
4294967293,52
4294967293,51
4294967293,50
4294967293,49
4294967293,48
4294967293,47
4294967293,46
4294967293,45
4294967293,44
4294967293,43
4294967293,42
4294967293,41
4294967293,40
4294967293,39
4294967293,38
4294967293,37
4294967293,36
4294967293,35
4294967293,34
4294967293,33
4294967293,32
4294967293,31
4294967293,30
4294967293,29
4294967293,28
4294967293,27
4294967293,26
4294967293,25
4294967293,24
4294967293,23
4294967293,22
4294967293,21
4294967293,20
4294967293,19
4294967293,18
4294967293,17
4294967293,16
4294967293,15
4294967293,14
4294967293,13
4294967293,12
4294967293,11
4294967293,10
4294967293,9
4294967293,8
4294967293,7
4294967293,6
4294967293,5
4294967293,4
4294967293,3
4294967278,129
4294967278,127
4294967278,126
4294967278,124
4294967278,120
4294967278,119
4294967278,108
4294967278,99
4294967278,98
4294967278,93
4294967278,86
4294967278,82
4294967278,77
4294967278,72
4294967278,71
4294967278,62
4294967278,295
4294967278,546
4294967278,57
4294967278,294
4294967278,56
4294967278,545
4294967278,55
4294967278,53
4294967278,52
4294967278,51
4294967278,50
4294967278,540
4294967278,49
4294967278,47
4294967278,46
4294967278,45
4294967278,291
4294967278,43
4294967278,42
4294967278,41
4294967278,40
4294967278,37
4294967278,36
4294967278,35
4294967278,32
4294967278,31
4294967278,30
4294967278,27
4294967278,26
4294967278,25
4294967278,21
4294967278,20
4294967278,16
4294967278,15
4294967278,11
4294967278,10
4294967278,9
4294967278,6
4294967278,5
4294967278,174
4294967278,0
4294967278,260
4294967278,4
4294967279,130
4294967279,129
4294967279,127
4294967279,125
4294967279,124
4294967279,121
4294967279,120
4294967279,119
4294967279,114
4294967279,113
4294967279,228
4294967279,109
4294967279,105
4294967279,94
4294967279,93
4294967279,92
4294967279,91
4294967279,89
4294967279,87
4294967279,85
4294967279,84
4294967279,83
4294967279,82
4294967279,81
4294967279,80
4294967279,346
4294967279,57
4294967279,347
4294967279,56
4294967279,54
4294967279,53
4294967279,51
4294967279,409
4294967279,340
4294967279,50
4294967279,49
4294967279,47
4294967279,46
4294967279,408
4294967279,294
4294967279,44
4294967279,43
4294967279,42
4294967279,41
4294967279,40
4294967279,39
4294967279,335
4294967279,38
4294967279,334
4294967279,37
4294967279,333
4294967279,36
4294967279,35
4294967279,34
4294967279,33
4294967279,32
4294967279,329
4294967279,31
4294967279,30
4294967279,29
4294967279,28
4294967279,27
4294967279,26
4294967279,25
4294967279,24
4294967279,23
4294967279,22
4294967279,21
4294967279,20
4294967279,19
4294967279,18
4294967279,17
4294967279,16
4294967279,15
4294967279,6
4294967279,174
4294967279,2
4294967279,0
4294967279,260
4294967279,5
4294967294,1567
4294967294,1431
4294967294,1408
4294967294,1434
4294967294,1418
4294967294,82
4294967294,99
4294967294,8
4294967294,9
4294967294,104
4294967278,531
4294967278,522
4294967294,46
4294967294,1670
4294967294,1046
4294967294,1078
4294967294,1672
4294967294,92
4294967294,91
4294967294,90
4294967294,88
4294967294,87
4294967294,86
4294967294,85
4294967294,1412
4294967294,83
4294967294,106
4294967294,107
4294967294,1674
4294967294,931
4294967294,930
4294967294,466
4294967294,493
4294967294,927
4294967294,926
4294967294,925
4294967294,923
4294967294,921
4294967294,919
4294967294,918
4294967294,915
4294967294,903
4294967294,893
4294967294,724
4294967294,877
4294967294,866
4294967294,852
4294967294,845
4294967294,841
4294967294,840
4294967294,830
4294967294,829
4294967294,827
4294967294,826
4294967294,825
4294967294,824
4294967294,819
4294967294,818
4294967294,809
4294967294,808
4294967294,745
4294967294,803
4294967294,799
4294967294,797
4294967294,795
4294967294,794
4294967294,792
4294967294,791
4294967294,789
4294967294,788
4294967294,786
4294967294,746
4294967294,782
4294967294,780
4294967294,777
4294967294,774
4294967294,24
4294967294,697
4294967294,692
4294967294,2233
4294967294,1566
4294967294,688
4294967294,2206
4294967294,1565
4294967294,2190
4294967294,682
4294967294,679
4294967294,678
4294967294,709
4294967294,2
4294967294,1449
4294967294,1564
4294967294,1131
4294967294,655
4294967294,1
4294967294,654
4294967294,652
4294967294,651
4294967294,650
4294967294,649
4294967294,648
4294967294,1666
4294967294,639
4294967294,637
4294967294,1615
4294967294,1045
4294967294,1673
4294967294,1563
4294967294,624
4294967294,622
4294967294,1562
4294967294,1561
4294967294,1108
4294967294,29
4294967294,572
4294967294,600
4294967294,28
4294967294,591
4294967294,587
4294967294,26
4294967294,25
4294967294,27
4294967294,582
4294967294,577
4294967294,53
4294967294,51
4294967294,52
4294967294,1116
4294967294,560
4294967294,43
1,0
4294967294,1092
4294967294,3
4294967294,1557
4294967294,1090
4294967294,1433
4294967294,1560
4294967294,1556
4294967294,1145
4294967294,1559
4294967294,1555
4294967294,1558
4294967294,569
4294967294,1416
4294967294,1114
4294967294,1091
4294967294,427
4294967294,1124
4294967294,1112
4294967294,1141
4294967294,212
4294967279,245
4294967278,345
4294967279,406
4294967278,344
4294967278,343
4294967279,405
4294967278,342
4294967278,341
4294967278,289
4294967279,291
4294967278,137
4294967279,287
4294967278,340
4294967279,279
4294967279,283
4294967278,262
4294967279,281
4294967278,275
4294967278,254
4294967278,248
4294967278,338
4294967279,404
4294967279,403
4294967278,337
4294967294,1129
4294967294,1554
4294967294,1553
4294967294,1667
4294967294,1552
4294967294,1551
4294967294,1550
4294967294,1549
4294967294,395
4294967294,1665
4294967294,1618
4294967294,1619
4294967294,1546
4294967294,1544
4294967294,1072
4294967294,1420
4294967294,1664
4294967294,1613
4294967294,1608
4294967294,1137
4294967294,1413
4294967294,1123
4294967294,1642
4294967294,1471
4294967294,1118
4294967294,1663
4294967294,442
4294967294,1119
4294967294,1111
4294967294,1625
4294967294,1623
4294967294,1624
4294967294,1617
4294967294,1614
4294967294,736
4294967294,1612
4294967294,1470
4294967294,1609
4294967294,1465
4294967294,1668
4294967294,1459
4294967294,445
4294967294,1602
4294967294,1622
4294967294,425
4294967294,1074
4294967294,187
4294967294,423
4294967294,1460
4294967294,1466
4294967294,1417
4294967294,1464
4294967294,389
4294967294,514
4294967294,1456
4294967294,1452
4294967294,430
4294967294,1106
4294967294,1143
4294967294,1142
4294967294,125
4294967294,203
4294967294,202
4294967294,200
4294967294,199
4294967294,370
4294967294,369
4294967294,368
4294967294,367
4294967294,366
4294967294,364
4294967294,365
4294967294,363
4294967294,362
4294967294,361
4294967294,360
4294967294,359
4294967294,358
4294967294,357
4294967294,356
4294967294,355
4294967294,354
4294967278,339
4294967278,335
4294967278,333
4294967279,401
4294967279,396
4294967278,331
4294967278,336
4294967279,402
4294967279,399
4294967279,398
4294967279,394
4294967279,397
4294967278,330
4294967278,332
4294967278,329
4294967278,328
4294967279,393
4294967279,392
4294967279,400
4294967278,334
4294967278,287
4294967279,288
4294967279,395
4294967278,276
4294967278,290
4294967294,1621
4294967294,452
4294967294,453
4294967294,183
4294967294,1033
4294967294,418
4294967294,448
4294967294,391
4294967294,386
4294967294,420
4294967294,749
4294967294,403
4294967294,422
4294967294,398
4294967294,405
4294967294,404
4294967294,408
4294967294,1102
4294967294,402
4294967294,397
4294967294,400
4294967294,406
4294967294,84
4294967294,412
4294967294,416
4294967294,190
4294967294,451
4294967294,450
4294967294,444
4294967294,392
4294967294,353
4294967294,352
4294967294,351
4294967294,350
4294967294,349
4294967294,347
4294967294,348
4294967294,329
4294967294,328
4294967294,327
4294967294,326
4294967294,325
4294967294,324
4294967294,323
4294967294,322
4294967294,321
4294967294,320
4294967294,346
4294967294,345
4294967294,344
4294967294,343
4294967294,342
4294967294,340
4294967294,341
4294967294,339
4294967294,338
4294967294,337
4294967294,336
4294967294,335
4294967294,390
4294967294,334
4294967294,333
4294967294,332
4294967294,331
4294967294,330
4294967294,94
4294967294,31
4294967294,1125
